target,prediction_4.0,prediction_5.0,prediction_6.0,prediction_7.0,prediction_8.0,prediction_9.0
3,6.239635369627691e-18,1.7277008100737297e-08,0.00027095116649751794,0.9997288536714737,1.7788502056017997e-07,2.3317156462888737e-18
5,0.002458930232254388,0.001204875936469779,0.058928494173298235,0.0037492105362253226,0.45896474702852286,0.47469374209322945
2,2.1511077322631917e-24,1.62483472947927e-05,0.9994997715885985,0.0004839800633914558,7.147575589299161e-13,1.673476901276318e-16
3,3.348717647993186e-12,1.1759882309344351e-07,0.0005387517571037324,0.9466554449850303,0.052805685653230114,2.4639996908166908e-12
1,9.733831798237987e-13,0.9990226824017913,0.0009565394298452662,2.0775227984889668e-05,2.17101982217888e-09,7.683854974269371e-10
2,6.1314885744205515e-24,3.885852666427747e-05,0.9993111511798461,0.0006499902928667579,6.22422481990469e-13,2.0042005381920635e-16
4,1.5758105806960363e-08,4.1763304196451444e-10,1.3769139572421684e-06,0.0003645258358911496,0.9996335900749845,4.909994281433726e-07
2,7.422625783950393e-22,6.601021192582437e-06,0.9999535946677661,3.980409780098733e-05,2.1205211684417565e-10,1.1884021321702417e-12
4,3.1593113333760866e-10,2.778910165634367e-13,2.9298623701719333e-09,6.685133778939541e-06,0.9999932518120956,5.980805397051263e-08
5,0.0025692294454943156,0.0012239435559091173,0.058635569862607866,0.003557515466422233,0.454602010606354,0.47941173106321244
1,1.0246905839317417e-13,0.9997142178559267,0.00028095254619789567,4.829224792647901e-06,3.470669985107244e-10,2.5913200076149562e-11
2,1.0360840825674278e-20,3.211174189938773e-05,0.9997605370856056,0.00020735004530815786,1.1256154320992498e-09,1.5714971854245591e-12
4,6.039296759707233e-11,3.9341474150385203e-13,9.378599724485501e-10,6.871381369145328e-05,0.9999312850592116,1.2845065633167993e-10
4,1.9618532281280886e-10,1.927734305505807e-13,2.413223949277519e-09,8.526915722428023e-06,0.99999144275081,2.772386545759818e-08
3,3.348717647993186e-12,1.1759882309344351e-07,0.0005387517571037324,0.9466554449850303,0.052805685653230114,2.4639996908166908e-12
3,4.8031555361056835e-09,2.323307746356194e-06,0.0006379763117485946,0.8295785443746888,0.16978115054789514,6.547655124091042e-10
4,1.369106725437799e-10,1.3888177464329055e-13,1.9489351460083285e-09,1.0011632788641605e-05,0.9999899713966541,1.4884572345441309e-08
5,0.0016486629628178137,0.0008685980494504216,0.030563999972799263,0.002528974554155012,0.41219409871657126,0.5521956657442062
4,1.3182022326798956e-12,2.819969623764032e-15,7.335952590625419e-11,6.85879245256905e-06,0.9999931411244228,8.444027051856058e-12
3,2.8113819389369846e-16,1.864497053061162e-10,4.556832041582178e-07,0.9998514654993398,0.00014807863100620437,3.1517347996323514e-19
4,1.2933624307746745e-10,1.1127158082132296e-13,1.5801710661350386e-09,8.065475725992526e-06,0.9999919173112743,1.5503381165133962e-08
3,7.497552699431014e-11,5.7745237487246575e-06,0.009799302187737535,0.9884047867665823,0.0017901361515999716,2.9535589520805926e-10
2,0.2431650770137517,0.4123353034170164,0.05673692168661247,0.06684169039677566,0.18121733884001492,0.039703668645828756
2,4.317946591237808e-20,6.487805644361198e-05,0.9996381870191158,0.00029692825480167934,6.655525304576158e-09,1.4113800768362979e-11
3,2.0145329196281212e-16,1.007094366474287e-08,8.633347142699315e-06,0.9999478999875883,4.3456594325230616e-05,6.074038650249698e-19
2,1.0938527512450804e-20,4.334322961357545e-05,0.9993774341248675,0.0005792209842546467,1.6606253549479387e-09,6.388933937413091e-13
2,3.0824239058083707e-26,1.2975822496230247e-07,0.9999992167695707,6.534715552497587e-07,6.487818458278789e-13,1.7688787128311753e-16
1,3.67336117718477e-14,0.9964357152998378,0.0035164492906718586,4.78352742554976e-05,1.0433836839623948e-10,3.085995531524748e-11
0,0.2767633927703456,0.22522340298193383,0.20331156049445775,0.09651645158084285,0.10442908149859947,0.09375611067382046
4,2.965306237946504e-09,4.28454522745364e-11,3.3107855607421695e-07,0.00012112211395612783,0.9998783513459308,1.924534052861475e-07
2,4.3216543375827815e-18,0.00010237301567887995,0.9991063753823336,0.0007912423147714778,9.186978933814294e-09,1.0023730168769152e-10
2,1.455161903281418e-20,9.098284533341486e-05,0.9993046493513494,0.0006043634885229779,4.3119132941781114e-09,2.8806744827358624e-12
2,6.80383496240744e-22,6.28117402857587e-06,0.9999546469932111,3.907162710248418e-05,2.0451813436880455e-10,1.1394690666566131e-12
5,0.0009020460163069905,0.0004561071236804546,0.022642634958624803,0.00158269154050979,0.40855406034954694,0.565862460011331
5,0.0016706878267584437,0.0008810010751658918,0.030765714284585816,0.002555166529021065,0.41225559379144866,0.5518718364930202
1,1.5639492852416432e-13,0.999792000204805,0.00019948047829229749,8.51875166788368e-06,5.444348519417077e-10,2.064368736453819e-11
2,7.30304919945058e-12,9.625374588102327e-06,0.0001563330742567825,0.9990768236516174,0.0007572178919315912,3.0314905842421297e-13
4,1.3435289980048829e-09,2.4754449540481667e-09,7.055157547349003e-07,0.10711509917893083,0.8928841914673276,1.9012919404159687e-11
2,1.1095232644830956e-19,0.00019450779287606153,0.9953345369699009,0.0044709550992533525,1.3791270582785334e-10,5.669786755433136e-14
5,0.004540397702622177,0.0023247275304381075,0.05360130509282292,0.006824033357122369,0.4441732999622541,0.4885362363547403
4,6.118879837008775e-12,1.928812732598757e-14,2.3182304015967357e-10,1.2921829130725205e-05,0.9999870779055642,2.7343674834344653e-11
4,2.2429695549959225e-10,1.483456852413382e-12,2.754195957728007e-09,8.412634751820718e-05,0.9999158699881779,6.843274934886507e-10
2,7.4226261522458195e-22,6.601021147882236e-06,0.9999535946677772,3.980409783449166e-05,2.1205212391311974e-10,1.1884021762862714e-12
4,6.3155349977404115e-12,2.0871945469537963e-14,2.4721489059793866e-10,1.3733973376019335e-05,0.9999862657456459,2.7426851443726028e-11
5,0.0023583535707773304,0.0011149767249932594,0.05651378697341248,0.0033300833770393834,0.4553663824785351,0.48131641687524257
2,6.734259845696954e-19,2.66852433200349e-05,0.9982662590962459,0.0017070519607471914,3.6982228600934544e-09,1.464139123788961e-12
3,3.1826835069120804e-14,2.3443411455941561e-07,0.00012363502478392977,0.9998205358528309,5.559468823635887e-05,2.3558699018150958e-15
3,1.0526534065324227e-18,6.953902907397285e-10,8.634583700286495e-05,0.9999132780305613,3.75437045456543e-07,3.012427197619529e-19
4,4.398452737908679e-12,1.3743319762301393e-14,2.4884462707899363e-10,1.4650528836029101e-05,0.9999853491955968,2.2310338019145486e-11
4,1.8796219094124192e-10,1.0234026629528426e-12,3.3212594289772324e-08,0.0001552924717274721,0.9998446641602572,9.966435349286855e-09
2,4.278930105687155e-25,3.396742182333929e-07,0.9999982748051368,1.3855187798369903e-06,1.8642899359102504e-12,6.836477958105448e-16
4,1.6826486209612356e-12,4.631343340475138e-15,1.0996911148903209e-10,1.0606716138929892e-05,0.9999893931640343,8.17016993571386e-12
3,8.00352273352609e-15,2.864725670840872e-07,3.8977356203167185e-05,0.999906535995499,5.420017572270658e-05,2.0987848235413658e-16
2,9.365304903406356e-25,4.2467534120318295e-06,0.9999401975020761,5.555573781633057e-05,6.674960191058746e-12,2.0453306006998214e-14
4,5.4744988741967394e-11,2.981692386565141e-13,7.427488038350028e-10,6.0024674406475415e-05,0.9999399744141229,1.1367870320953759e-10
4,1.838907628166864e-08,2.194122071424215e-10,5.615999925566853e-07,0.00017696121294722997,0.9998210607725179,1.3978060539427494e-06
4,1.4947055284660699e-10,1.3314362902552957e-12,4.60630894584957e-08,0.00031985738552379886,0.9996800916550067,4.745578041095622e-09
4,4.63153406649416e-09,6.02313805709651e-11,3.9603627912732043e-07,0.00011257990217190663,0.9998867004842386,3.1888554488947766e-07
4,5.298184574648051e-10,5.345843330033624e-12,1.0674284794354757e-07,0.00039783208201056325,0.9996020448444045,1.5795572677312807e-08
5,0.0030181329064758035,0.0013710761765306414,0.05058080242999504,0.004856410651829846,0.4381460968448447,0.502027480990324
4,1.0234537050192657e-10,5.18597788613556e-13,2.111378809079435e-08,0.0001529891821747672,0.9998469849043723,4.696800832498936e-09
5,0.004872008194777349,0.002491771661962443,0.053915454871472424,0.0071101068357514105,0.4510629350145762,0.48054772342146
2,1.410902476190392e-18,0.0005570934832952825,0.9821721112818951,0.017270749324873248,4.590924218563555e-08,6.941341290278744e-13
2,5.243165668163531e-20,4.666939296581243e-05,0.9996248579638499,0.0003284626153262125,1.0011455311930415e-08,1.6402815279651175e-11
5,0.002454000575678938,0.0011642964074511943,0.05748954534253985,0.0034338050043087463,0.45501890678758167,0.48043944588243953
3,2.2005453715766693e-15,2.869176932366195e-09,2.8052784220299154e-06,0.9998598334581659,0.000137358394233041,7.1085013125334e-18
2,1.0498590834557928e-24,4.401562275584058e-06,0.9999390073017494,5.659112898663681e-05,6.9664767914679605e-12,2.1739130079388446e-14
3,2.4945139295173794e-17,7.3000382794655745e-09,0.00048382856829358857,0.9995148989761884,1.2651554797149493e-06,1.8797524065554492e-17
4,1.0864265653993992e-12,2.5003725509731372e-15,6.721752602065167e-11,7.184294343777605e-06,0.999992815630914,6.435765619220487e-12
3,1.0526534065324227e-18,6.953902907397285e-10,8.634583700286495e-05,0.9999132780305613,3.75437045456543e-07,3.012427197619529e-19
3,3.8983295634436877e-17,5.647152164944805e-10,5.091164037886231e-06,0.9998955883239016,9.931994734517976e-05,1.5947969794048313e-19
3,6.128003613686302e-15,5.244142291749075e-07,0.0001313040029302833,0.9998463519687593,2.1819614074465867e-05,7.465097818720089e-16
2,9.33015990232946e-12,0.02101066212429171,0.4105192589416257,0.5684271266129949,4.295183825306876e-05,4.735043440723915e-10
2,1.7263971763262288e-24,1.0197266138649729e-05,0.9996489566814626,0.000340846051080228,1.3180117548823731e-12,4.2124536304462413e-16
4,2.1644225542245912e-10,1.3722635851722906e-12,2.5901261671020498e-09,8.058469980899806e-05,0.9999194118247596,6.674906944850566e-10
4,1.9618532281280886e-10,1.927734305505807e-13,2.413223949277519e-09,8.526915722428023e-06,0.99999144275081,2.772386545759818e-08
2,5.586828189144991e-25,1.7530371780476176e-05,0.9995809545264499,0.0004015151014741889,2.9542829431206626e-13,7.59815366008372e-17
3,2.1626056035619812e-16,8.16647373406731e-09,6.928255396800259e-06,0.9999421691272281,5.089445090114796e-05,5.568735854657306e-19
4,6.2625807544441334e-12,1.9853828924198454e-14,2.3520268005013766e-10,1.2900365850104834e-05,0.9999870993645382,2.8126482112206115e-11
5,0.0031006910135815574,0.001412338577585207,0.05120570835054973,0.004954287816659993,0.43800986958091614,0.5013171046607073
5,0.002983487616978182,0.0013537940870248192,0.0503156714323924,0.004815124170838798,0.43820248876967816,0.5023294339230877
3,2.865575095293764e-13,1.6747886244200054e-06,0.0002368889279400831,0.999525609168005,0.00023582711513874186,5.120360751316398e-15
5,0.0022940917500640597,0.0011170319355951442,0.05725727429103476,0.003556471837664955,0.45966921071600114,0.47610591946964004
4,3.530458008504514e-10,4.552931528102152e-13,4.570248045140548e-09,1.2346045687771317e-05,0.9999876048811269,4.4149436188810414e-08
3,2.1626056035619812e-16,8.16647373406731e-09,6.928255396800259e-06,0.9999421691272281,5.089445090114796e-05,5.568735854657306e-19
4,6.611115653125615e-12,2.2095613911324678e-14,2.544944721078106e-10,1.3685408663715559e-05,0.9999863143011852,2.9023406147733128e-11
4,6.039296759707233e-11,3.9341474150385203e-13,9.378599724485501e-10,6.871381369145328e-05,0.9999312850592116,1.2845065633167993e-10
2,1.15002601747639e-18,0.0005179322274937691,0.9833618585049588,0.0161201679859668,4.1280948098874905e-08,6.325328682563207e-13
2,1.15002601747639e-18,0.0005179322274937691,0.9833618585049588,0.0161201679859668,4.1280948098874905e-08,6.325328682563207e-13
5,0.003003399207629807,0.001363724126309337,0.050468261716126894,0.004838868197792934,0.43817013657798304,0.502155610174158
2,3.6294224431436913e-20,3.668480956210271e-05,0.9995689776030542,0.0003943279029951747,9.673350949414816e-09,1.103772060949993e-11
2,6.80383496240744e-22,6.28117402857587e-06,0.9999546469932111,3.907162710248418e-05,2.0451813436880455e-10,1.1394690666566131e-12
4,2.1644225542245912e-10,1.3722635851722906e-12,2.5901261671020498e-09,8.058469980899806e-05,0.9999194118247596,6.674906944850566e-10
4,2.3006131195854182e-10,1.8828874830835214e-13,2.148159257733661e-09,7.145748728281791e-06,0.9999928183432809,3.352958179629873e-08
4,2.029538911991134e-12,3.693014629839191e-15,8.257768608546916e-11,6.196097650046961e-06,0.9999938038037226,1.4016582206582965e-11
3,2.28920823794463e-16,1.6258509243575954e-10,4.223537731576993e-07,0.9998598269954804,0.00013975048816133415,2.5052854815909515e-19
4,5.783292695185558e-09,1.167304608801086e-10,6.139005672378231e-07,0.0001824191593301206,0.9998166604860759,3.0055400366618563e-07
2,5.774889753954039e-26,8.732360069722928e-08,0.9999995587969649,3.5387913277762994e-07,3.012134429975053e-13,2.985556580221366e-16
2,4.444609043297594e-20,6.604892989140676e-05,0.9996345580378478,0.00029938636194637696,6.656103428512578e-09,1.42110102218065e-11
5,0.003948474529598083,0.0018420518279963372,0.05713764210135341,0.005922715888233416,0.4364971080017118,0.4946520076511068
4,6.611115653125615e-12,2.2095613911324678e-14,2.544944721078106e-10,1.3685408663715559e-05,0.9999863143011852,2.9023406147733128e-11
2,2.1511077322631917e-24,1.62483472947927e-05,0.9994997715885985,0.0004839800633914558,7.147575589299161e-13,1.673476901276318e-16
5,0.004089785248291137,0.00191465023308608,0.05805269926442283,0.006078399871013399,0.43623026297471296,0.49363420240847367
3,8.522001947292239e-18,1.8079510637019638e-08,0.0002735604324999752,0.9997262131203075,2.0836768172760655e-07,3.0286453014299894e-18
3,1.8155016937383783e-13,0.0007986436968782822,0.057642371920193745,0.9414556496197273,0.00010333476105448095,1.9645255109860403e-12
3,2.1657482296537491e-16,1.806214652957433e-06,0.0019839772806376755,0.9979993165978527,1.4899906856352316e-05,1.4255026715442377e-16
4,1.7311330551247548e-08,9.04320525136219e-10,2.0670257380725876e-06,0.0005530590946163494,0.9994444260863632,4.2957763153506706e-07
2,1.0725768700840551e-24,2.194763475635358e-05,0.9995171328430694,0.0004609195218175826,3.5675480336882054e-13,9.680469114177921e-17
5,0.0023583535707773304,0.0011149767249932594,0.05651378697341248,0.0033300833770393834,0.4553663824785351,0.48131641687524257
4,2.2429695549959225e-10,1.483456852413382e-12,2.754195957728007e-09,8.412634751820718e-05,0.9999158699881779,6.843274934886507e-10
2,2.732628769256991e-12,0.11416148824101172,0.7970512372789967,0.08877850849962074,8.758109146202264e-06,7.868491925323578e-09
2,1.7263971763262288e-24,1.0197266138649729e-05,0.9996489566814626,0.000340846051080228,1.3180117548823731e-12,4.2124536304462413e-16
3,9.35984914562404e-19,6.67707069126226e-10,8.57580086067863e-05,0.999913885402276,3.5592141035819155e-07,2.7101284143188175e-19
5,0.0014580025484009387,0.0007617248576247939,0.028756171346313524,0.002298766132919904,0.4115824299063295,0.5551429052084113
2,1.0155086098269022e-20,3.05734888677535e-05,0.9997640280698575,0.00020539731103483297,1.1286701639777855e-09,1.5697347345209847e-12
2,5.083528518881647e-20,6.693512988584287e-05,0.9996258960737372,0.000307161675900958,7.1052963892661395e-09,1.5179512564828083e-11
4,1.8233709859152482e-10,1.0101070279251824e-12,3.31959351431774e-08,0.00015884332297339538,0.9998411137767116,9.521032677323019e-09
3,4.985436322569441e-16,1.0811228262121414e-08,8.026582942806101e-06,0.9999230637523571,6.889885347124489e-05,1.3127713242344095e-18
2,4.368037433274771e-25,6.970644534198393e-06,0.9999029271123822,9.010223959609362e-05,3.482670745526376e-12,4.913599602151914e-15
4,6.039296759707233e-11,3.9341474150385203e-13,9.378599724485501e-10,6.871381369145328e-05,0.9999312850592116,1.2845065633167993e-10
2,1.0938527512450804e-20,4.334322961357545e-05,0.9993774341248675,0.0005792209842546467,1.6606253549479387e-09,6.388933937413091e-13
2,1.878616584208977e-24,1.592450193635566e-05,0.9995068131745718,0.00047726232283146246,6.603442590816346e-13,1.510439130619877e-16
3,3.304560680436268e-16,1.9245637352575113e-10,4.6931198148156793e-07,0.9998431276701454,0.00015640282541643167,3.72517515961918e-19
4,5.4744988741967394e-11,2.981692386565141e-13,7.427488038350028e-10,6.0024674406475415e-05,0.9999399744141229,1.1367870320953759e-10
4,2.2429695549959225e-10,1.483456852413382e-12,2.754195957728007e-09,8.412634751820718e-05,0.9999158699881779,6.843274934886507e-10
5,0.004089785248291137,0.00191465023308608,0.05805269926442283,0.006078399871013399,0.43623026297471296,0.49363420240847367
3,1.1293066590395123e-19,0.00028078411402932257,0.9995496901517891,0.00016952493534500235,7.986768965628684e-10,1.5985141567149908e-13
5,0.0034343559824005446,0.0017349598042426101,0.06763506008543523,0.004832491573634786,0.4550129683479839,0.4673501642063031
3,5.962408501673525e-15,4.535489541243629e-07,0.00011880898428653153,0.9998578611053035,2.2876361449198167e-05,6.792464127714538e-16
2,1.0725768700840551e-24,2.194763475635358e-05,0.9995171328430694,0.0004609195218175826,3.5675480336882054e-13,9.680469114177921e-17
4,1.3514473364000427e-10,1.1877151227561216e-13,1.6583010046748318e-09,8.31841773398986e-06,0.9999916637979083,1.5990793316242918e-08
2,3.016274372869126e-20,5.477705799828613e-05,0.9993777542537291,0.0005674603954339324,8.286457951492307e-09,6.380686122126662e-12
4,8.996093892118415e-08,6.062283229973463e-09,8.490839845250347e-07,0.00454113066367541,0.9954578992718603,2.4957257522053542e-08
3,3.4688966960874174e-18,5.608724170423622e-09,0.0005193327389724854,0.9994801716568676,4.899954358206476e-07,3.9930591081241175e-18
5,0.007917586475703984,0.004173981236955658,0.09431873967419407,0.0084455989994683,0.4375523950321343,0.4475916985815437
4,6.3155349977404115e-12,2.0871945469537963e-14,2.4721489059793866e-10,1.3733973376019335e-05,0.9999862657456459,2.7426851443726028e-11
2,1.5750925706535884e-24,1.0133095668695589e-05,0.9996527651917698,0.00033710171132071015,1.2403677391231485e-12,3.9206201917862016e-16
4,1.0234537050192657e-10,5.18597788613556e-13,2.111378809079435e-08,0.0001529891821747672,0.9998469849043723,4.696800832498936e-09
4,1.6234696197856717e-08,6.224788976173417e-08,0.0002678454615617246,0.29272360238726225,0.7070084450215263,2.8647063837663746e-08
4,1.8796219094124192e-10,1.0234026629528426e-12,3.3212594289772324e-08,0.0001552924717274721,0.9998446641602572,9.966435349286855e-09
3,2.2718717186057905e-16,1.6752566719173103e-10,4.2819980145073953e-07,0.999861155260697,0.00013841637197565645,2.5107105747164736e-19
4,5.261982805126905e-10,5.196346954902705e-12,1.0386400192512049e-07,0.0003890108185680195,0.9996108690213503,1.5764685142059556e-08
2,7.422625783950393e-22,6.601021192582437e-06,0.9999535946677661,3.980409780098733e-05,2.1205211684417565e-10,1.1884021321702417e-12
4,2.017925350805131e-12,3.7093139301316526e-15,8.258700956762427e-11,6.274963684997452e-06,0.9999937249379846,1.37218343074094e-11
3,4.3517246089397685e-16,2.6211467352358054e-09,2.5511797451478114e-06,0.999931499567573,6.594663153466896e-05,1.8094034104550197e-18
5,0.002458930232254388,0.001204875936469779,0.058928494173298235,0.0037492105362253226,0.45896474702852286,0.47469374209322945
0,0.2747088979344156,0.23335608037381697,0.19088623184414344,0.09843847779318153,0.10593879837633903,0.09667151367810345
3,4.303418170976429e-16,2.2859249165926812e-09,2.2962565791077363e-06,0.9999275286606216,7.01727968737351e-05,1.6379115462669162e-18
5,0.0022940917500640597,0.0011170319355951442,0.05725727429103476,0.003556471837664955,0.45966921071600114,0.47610591946964004
4,1.964841721129949e-10,1.4946573374460692e-12,2.759394116377403e-09,0.0001000207177807803,0.9998999758393678,4.854784419046521e-10
3,2.0548380022680725e-18,6.766007807462116e-08,0.0006064901287771846,0.9993933860407522,5.6170392643909806e-08,2.2137821477156767e-18
5,0.00401342817747434,0.0018753896207754266,0.05756055337216632,0.005994460106986656,0.4363748449487239,0.4941813237738734
4,4.7815729705379696e-09,6.152014041239682e-11,3.9978964363982866e-07,0.00011168346430183458,0.9998875813196678,3.305832934736078e-07
4,2.7786887040051097e-09,4.007468189843959e-11,3.1702442809218554e-07,0.00012035840330612117,0.9998791423828749,1.7937062749862823e-07
4,7.579776135016728e-12,2.9653586668771975e-14,3.304892097621533e-10,1.749628562444043e-05,0.9999825033463949,2.988209759014674e-11
4,2.3006131195854182e-10,1.8828874830835214e-13,2.148159257733661e-09,7.145748728281791e-06,0.9999928183432809,3.352958179629873e-08
2,9.83855013115784e-21,3.105336952710529e-05,0.999770622714527,0.0001983228286317906,1.0857454953227282e-09,1.5685822226523185e-12
3,6.8568221722723316e-18,1.7285293262068046e-08,0.0002688738147789939,0.9997309212059363,1.8769399145857046e-07,2.5111180624802883e-18
4,1.2329861913682794e-06,1.6891118428821546e-07,9.717069613046278e-05,0.00260189286325015,0.997267796933062,3.173761018164173e-05
2,2.3342831008505662e-24,4.467503432550533e-06,0.9999083873618506,8.714512126629718e-05,1.3419923920148412e-11,3.06370845780859e-14
2,4.465821994064879e-25,9.212451303519987e-06,0.9999188853847559,7.190216165662615e-05,2.2806486186909796e-12,3.0097338938589768e-15
5,0.0016759555784554092,0.0008839692266189885,0.030813754640394143,0.0025614192791043105,0.4122700472368797,0.5517948540385474
3,8.522001947292239e-18,1.8079510637019638e-08,0.0002735604324999752,0.9997262131203075,2.0836768172760655e-07,3.0286453014299894e-18
2,6.80383496240744e-22,6.28117402857587e-06,0.9999546469932111,3.907162710248418e-05,2.0451813436880455e-10,1.1394690666566131e-12
3,2.0548380022680725e-18,6.766007807462116e-08,0.0006064901287771846,0.9993933860407522,5.6170392643909806e-08,2.2137821477156767e-18
3,2.0931443107154434e-16,7.8134528237314e-09,6.638483109024493e-06,0.9999418883407445,5.146536269333835e-05,5.20984360611842e-19
4,6.845697168120862e-10,7.662552967984999e-10,1.3804950443505424e-06,0.012068155863419751,0.9879304618988931,2.918177944778898e-10
5,0.0022750652466127868,0.0011069292358011082,0.05705972132759236,0.00353401053597013,0.4597512796720232,0.47627299398200046
4,6.611115653125615e-12,2.2095613911324678e-14,2.544944721078106e-10,1.3685408663715559e-05,0.9999863143011852,2.9023406147733128e-11
2,5.015305652657494e-25,7.1999541716309315e-06,0.9999008157761032,9.198426603262142e-05,3.687265588621536e-12,5.282625549128592e-15
4,1.80510913291536e-09,3.266418778237333e-11,2.973144376667637e-07,0.00014266835051622868,0.9998569240967979,1.0840047491630541e-07
4,1.3514473364000427e-10,1.1877151227561216e-13,1.6583010046748318e-09,8.31841773398986e-06,0.9999916637979083,1.5990793316242918e-08
3,5.9333323993640484e-18,1.63867827572217e-08,0.0002624446418596007,0.9997373622776107,1.7669374708565913e-07,2.184597068064213e-18
2,1.0155086098269022e-20,3.05734888677535e-05,0.9997640280698575,0.00020539731103483297,1.1286701639777855e-09,1.5697347345209847e-12
2,1.7355513611259186e-20,3.839144884719325e-05,0.9995781214200452,0.0003834813166232887,5.808331727154845e-09,6.152785348515567e-12
4,6.039296759707233e-11,3.9341474150385203e-13,9.378599724485501e-10,6.871381369145328e-05,0.9999312850592116,1.2845065633167993e-10
3,4.0708983618032024e-17,5.991276872392272e-10,5.161245233063657e-06,0.99989425386625,0.00010058428938903086,1.683301158274902e-19
5,0.0014580025484009387,0.0007617248576247939,0.028756171346313524,0.002298766132919904,0.4115824299063295,0.5551429052084113
5,0.0024048105087732326,0.001138909825683065,0.056990596668351656,0.0033805826343492034,0.4551974550786122,0.48088764528423056
4,4.7815729705379696e-09,6.152014041239682e-11,3.9978964363982866e-07,0.00011168346430183458,0.9998875813196678,3.305832934736078e-07
5,0.0027697397449919017,0.001371971708550359,0.06190249770636618,0.004104270663587605,0.4576670488047591,0.47218447137174474
5,0.004748511490989632,0.002427162210808864,0.053590903172079,0.006994644313937811,0.4496108705037598,0.4826279083084249
2,1.1640210977410772e-25,6.329902669755162e-06,0.9999395455141565,5.4124581401988564e-05,1.7694548464947445e-12,2.3259949763119653e-15
4,7.392956057694111e-11,3.337458995748025e-13,7.202475223645541e-10,4.947375195519852e-05,0.9999505252873175,1.6621660709220392e-10
4,4.7815729705379696e-09,6.152014041239682e-11,3.9978964363982866e-07,0.00011168346430183458,0.9998875813196678,3.305832934736078e-07
2,1.0498590834557928e-24,4.401562275584058e-06,0.9999390073017494,5.659112898663681e-05,6.9664767914679605e-12,2.1739130079388446e-14
5,0.005080354000543372,0.0024303298305392877,0.06400644307919595,0.007132096694091046,0.4342927720047901,0.4870580043908402
3,2.0609652764440897e-17,9.689501374110285e-07,0.002948567530417927,0.9970503941552421,6.936420247353383e-08,5.284170124453201e-17
5,0.0047632816693127505,0.002448803845177494,0.054848116967070044,0.007065788354053929,0.44375127006850373,0.487122739095882
5,0.0049406699144873495,0.0024954321524968738,0.0774706423455267,0.005884590295667776,0.4465230574610417,0.46268560783077967
2,5.749070965832383e-20,6.941031827213962e-05,0.999616732045973,0.00031385019158882874,7.427883104951983e-09,1.628302787186705e-11
2,7.736651928085433e-25,4.066594330141272e-06,0.999942675706721,5.32576928565929e-05,6.07360716553423e-12,1.8401900649938033e-14
4,2.440985123327872e-10,2.9398850211014737e-13,3.4161507870953404e-09,1.1155449938986772e-05,0.999988809834627,3.105489066363616e-08
4,6.353506140539678e-09,7.687481105329735e-10,3.79848742567711e-06,0.0027355620911419963,0.9972604725661189,1.597330591299812e-07
3,4.2235848541074816e-17,5.865308592335022e-10,5.0789514845557635e-06,0.9998912598642467,0.00010366059773792809,1.714479956822502e-19
4,2.3006131195854182e-10,1.8828874830835214e-13,2.148159257733661e-09,7.145748728281791e-06,0.9999928183432809,3.352958179629873e-08
3,3.443614995962111e-18,8.378212016420875e-08,0.0006771756252367373,0.9993226716797976,6.891284531326315e-08,3.649378826456706e-18
3,2.955293570422627e-13,0.00015724383808132003,0.00601192461749405,0.993817125518686,1.3706025129137944e-05,3.139764940107615e-13
3,4.303418170976429e-16,2.2859249165926812e-09,2.2962565791077363e-06,0.9999275286606216,7.01727968737351e-05,1.6379115462669162e-18
1,2.123818754146498e-14,0.9997461888800518,0.0002441265559039828,9.684361053693408e-06,1.7746251749064345e-10,2.550674181762487e-11
3,5.298231185856784e-17,7.062846352045514e-10,5.858668267173122e-06,0.9998788352135909,0.00011530541185716912,2.4938086954592754e-19
2,2.0811696944675945e-24,1.102584145573164e-05,0.9995132112472628,0.0004757629103080919,9.731034276834348e-13,1.837409318326918e-16
3,5.191477478651098e-16,6.909051782320448e-10,1.0079051584019826e-06,0.999874322886236,0.00012466851769982851,1.0422731571012725e-18
0,0.27158578256852983,0.22291273231876205,0.19149523132303584,0.0977743917597785,0.1117370860840148,0.10449477594587905
4,2.2190909293568614e-10,1.8164223858155978e-13,2.1048909067549182e-09,7.1168413192710555e-06,0.9999928484095842,3.242211503602441e-08
3,3.3126411029360604e-14,2.3798888766749427e-07,0.00012475518916857536,0.9998185368698759,5.646995203246356e-05,2.444126250229497e-15
3,1.5502415292326082e-14,1.6528704383441784e-05,0.015552630753572015,0.9844299951801334,8.453618579482831e-07,3.752755447529943e-14
4,4.392775376264156e-10,4.0887155351144445e-13,3.3266164026161323e-09,1.172443371004285e-05,0.9999882346551335,3.7144853627475074e-08
2,1.9706551515657275e-20,4.566367216464375e-05,0.9995711517391807,0.0003831788929677458,5.688279210226151e-09,7.407687958246209e-12
3,3.152154975245408e-11,0.00017506882551189464,0.003119365449396614,0.996503443999995,0.00020212168399696864,9.578043731840894e-12
2,3.0824239058083707e-26,1.2975822496230247e-07,0.9999992167695707,6.534715552497587e-07,6.487818458278789e-13,1.7688787128311753e-16
2,6.765944322547616e-26,8.098350895742067e-08,0.9999990540214929,8.649939889019832e-07,1.0090536675052308e-12,2.378523565359305e-16
5,0.0053970800053579964,0.0025975011900641,0.06576493787996951,0.007456781529956312,0.4336568631561595,0.4851268362384926
4,9.264110541207241e-09,2.6943393890559755e-10,1.0632862168635512e-06,0.00024273197617545554,0.9997557355556129,4.596484501633867e-07
2,1.5733126160753367e-24,1.0021078878800782e-05,0.9996519243892441,0.000338054530629682,1.2469288548313917e-12,3.894446926129786e-16
4,2.9393045683004287e-09,9.525038229131912e-08,7.972276758905242e-06,0.5301215654735801,0.4698703640272504,3.27236226954307e-11
5,0.002415848535180142,0.0011446024180667438,0.05710308116013758,0.0033925474619458562,0.4551573607250726,0.4807865596995971
5,0.0008980388894963374,0.00045394364189366767,0.022592388744227372,0.0015772198383693585,0.40852182461966774,0.5659565842663454
4,1.80510913291536e-09,3.266418778237333e-11,2.973144376667637e-07,0.00014266835051622868,0.9998569240967979,1.0840047491630541e-07
3,1.8523200375029303e-17,8.133698252512623e-06,0.014482925959839424,0.9855089153414257,2.500048202173531e-08,1.6370927515243606e-16
5,0.002563440011316142,0.0012608553163725668,0.05995290750891712,0.0038697658969500787,0.4585240417834733,0.4738289894829708
5,0.00401342817747434,0.0018753896207754266,0.05756055337216632,0.005994460106986656,0.4363748449487239,0.4941813237738734
3,2.1023361396794549e-16,1.0759708149466381e-08,9.1788544201131e-06,0.9999481136698144,4.269671605708739e-05,6.647094941980054e-19
2,1.9706551515657275e-20,4.566367216464375e-05,0.9995711517391807,0.0003831788929677458,5.688279210226151e-09,7.407687958246209e-12
4,8.820585409183571e-08,5.917140023284387e-09,8.341724593893266e-07,0.004537176113471119,0.9954618713147604,2.4276315021031957e-08
4,2.704794803874946e-09,3.959302562416374e-11,3.1604910690746e-07,0.00012210141069730272,0.9998774065817704,1.732140375606988e-07
2,3.6738847557297393e-25,3.6418596189809346e-07,0.9999970873369786,2.5484738490775477e-06,3.209814159285748e-12,4.0276111724075275e-16
5,0.002454000575678938,0.0011642964074511943,0.05748954534253985,0.0034338050043087463,0.45501890678758167,0.48043944588243953
2,5.9915966389496684e-21,6.396536039551251e-05,0.9994808533447357,0.00045517840293181485,2.8898372125950784e-09,2.0999399956613537e-12
4,5.4744988741967394e-11,2.981692386565141e-13,7.427488038350028e-10,6.0024674406475415e-05,0.9999399744141229,1.1367870320953759e-10
2,1.3185075108230652e-25,1.0733206949235025e-07,0.9999990596485476,8.330181139997109e-07,1.2683859350869626e-12,4.474638100368143e-16
3,3.3126411029360604e-14,2.3798888766749427e-07,0.00012475518916857536,0.9998185368698759,5.646995203246356e-05,2.444126250229497e-15
5,0.002440325114528104,0.0011572339701725037,0.05735143097616256,0.003419033748479233,0.45506851185876,0.48056346433189756
2,3.651765716951681e-22,1.5755060389028895e-05,0.9998919835347998,9.226120914066663e-05,1.9543857404683788e-10,2.318751278138783e-13
3,2.0145329196281212e-16,1.007094366474287e-08,8.633347142699315e-06,0.9999478999875883,4.3456594325230616e-05,6.074038650249698e-19
3,3.1826835069120804e-14,2.3443411455941561e-07,0.00012363502478392977,0.9998205358528309,5.559468823635887e-05,2.3558699018150958e-15
5,0.004102345829862972,0.001921115685217783,0.05813314733299676,0.006092167023150793,0.4362063949417231,0.4935448291870486
4,1.8408107175771285e-09,3.381311978743663e-11,2.9933274306366725e-07,0.00014405635056171905,0.9998555340044246,1.0843764672890293e-07
5,0.007174720076943632,0.0041855437483691955,0.06273403762752296,0.007887034318759924,0.41103799853216966,0.5069806656962346
2,1.4322896968183414e-20,9.149959218901675e-05,0.9993135242708299,0.000594971869582038,4.264471949769633e-09,2.927208900144374e-12
2,1.0498590834557928e-24,4.401562275584058e-06,0.9999390073017494,5.659112898663681e-05,6.9664767914679605e-12,2.1739130079388446e-14
5,0.004767034841719531,0.0024508975808833116,0.05486883533684754,0.007069831496818664,0.44374411387586793,0.48709928686786297
3,4.303418170976429e-16,2.2859249165926812e-09,2.2962565791077363e-06,0.9999275286606216,7.01727968737351e-05,1.6379115462669162e-18
3,2.955293570422627e-13,0.00015724383808132003,0.00601192461749405,0.993817125518686,1.3706025129137944e-05,3.139764940107615e-13
5,0.002508880769833588,0.0011191674817345812,0.04649240953585038,0.0042357610978276195,0.43891859750438744,0.5067251836103663
4,5.966511177126954e-09,1.257351555916676e-10,6.374269786337488e-07,0.00019091351895922932,0.9998081444450235,2.985167922486155e-07
4,7.761688169352506e-11,4.3049241180170986e-13,1.9790998133667693e-08,0.000169009026191091,0.9998309677483321,3.3564312127708594e-09
5,0.004736095828291896,0.002433642314197418,0.054697776768338306,0.007036475111542486,0.443803058796525,0.48729295118110494
4,2.0976667884905093e-10,1.4921978910862343e-12,4.568885356403158e-08,0.00022671015141846287,0.9997732351235769,8.8248921525596e-09
4,8.846946396622151e-09,2.60882262700748e-10,1.0307484771096121e-06,0.00024492643587771925,0.9997536052544695,4.2845334702676626e-07
5,0.001668489669495049,0.0008797626995575082,0.030745644555379276,0.002552556021225363,0.4122495337738978,0.551904013280445
4,2.3006131195854182e-10,1.8828874830835214e-13,2.148159257733661e-09,7.145748728281791e-06,0.9999928183432809,3.352958179629873e-08
4,2.1644225542245912e-10,1.3722635851722906e-12,2.5901261671020498e-09,8.058469980899806e-05,0.9999194118247596,6.674906944850566e-10
5,0.0008747610190413967,0.0004413888867813907,0.022298214239636044,0.0015453245834986331,0.4083302867264428,0.5665100245445999
3,5.51969485657369e-18,1.6134574958834284e-08,0.00026130922024818757,0.9997385040590893,1.705860875679959e-07,2.0540311088793744e-18
3,4.985436322569441e-16,1.0811228262121414e-08,8.026582942806101e-06,0.9999230637523571,6.889885347124489e-05,1.3127713242344095e-18
2,1.3889052964232477e-25,1.0817032977522079e-07,0.9999990425570565,8.492712844789498e-07,1.3288603076569236e-12,4.644114912704355e-16
2,1.5976963450518923e-11,0.44638238966043575,0.3727447634854201,0.18085671748195664,1.6124030338301394e-05,5.325872479422988e-09
2,7.736651928085433e-25,4.066594330141272e-06,0.999942675706721,5.32576928565929e-05,6.07360716553423e-12,1.8401900649938033e-14
5,0.004540397702622177,0.0023247275304381075,0.05360130509282292,0.006824033357122369,0.4441732999622541,0.4885362363547403
4,2.0503565394444258e-10,1.3214313606003003e-12,4.060856821814029e-08,0.00020304099462184613,0.9997969092480682,8.942384616077511e-09
0,0.280725387481068,0.2278443595166064,0.19109683104874664,0.0976318199968063,0.10664623822311377,0.09605536373365872
0,0.280725387481068,0.2278443595166064,0.19109683104874664,0.0976318199968063,0.10664623822311377,0.09605536373365872
0,0.2767633927703456,0.22522340298193383,0.20331156049445775,0.09651645158084285,0.10442908149859947,0.09375611067382046
0,0.2747088979344156,0.23335608037381697,0.19088623184414344,0.09843847779318153,0.10593879837633903,0.09667151367810345
0,0.2781787265101136,0.22951149124738313,0.18878316027668746,0.09846391322941206,0.10618078439530006,0.09888192434110375
0,0.280725387481068,0.2278443595166064,0.19109683104874664,0.0976318199968063,0.10664623822311377,0.09605536373365872
0,0.27158578256852983,0.22291273231876205,0.19149523132303584,0.0977743917597785,0.1117370860840148,0.10449477594587905
0,0.2747088979344156,0.23335608037381697,0.19088623184414344,0.09843847779318153,0.10593879837633903,0.09667151367810345
0,0.27158578256852983,0.22291273231876205,0.19149523132303584,0.0977743917597785,0.1117370860840148,0.10449477594587905
0,0.2781787265101136,0.22951149124738313,0.18878316027668746,0.09846391322941206,0.10618078439530006,0.09888192434110375
0,0.2747088979344156,0.23335608037381697,0.19088623184414344,0.09843847779318153,0.10593879837633903,0.09667151367810345
0,0.2747088979344156,0.23335608037381697,0.19088623184414344,0.09843847779318153,0.10593879837633903,0.09667151367810345
0,0.2781787265101136,0.22951149124738313,0.18878316027668746,0.09846391322941206,0.10618078439530006,0.09888192434110375
0,0.2747088979344156,0.23335608037381697,0.19088623184414344,0.09843847779318153,0.10593879837633903,0.09667151367810345
0,0.2747088979344156,0.23335608037381697,0.19088623184414344,0.09843847779318153,0.10593879837633903,0.09667151367810345
0,0.280725387481068,0.2278443595166064,0.19109683104874664,0.0976318199968063,0.10664623822311377,0.09605536373365872
0,0.280725387481068,0.2278443595166064,0.19109683104874664,0.0976318199968063,0.10664623822311377,0.09605536373365872
1,2.3014809211444304e-13,0.9983064121040731,0.001645102212640197,4.848392871175565e-05,1.5585338291428685e-09,1.958111200512313e-10
1,3.6150001042119733e-12,0.9999082023699105,3.304253411514716e-05,5.871145688646992e-05,4.356854301534599e-08,6.692989992216898e-11
1,9.733831798237987e-13,0.9990226824017913,0.0009565394298452662,2.0775227984889668e-05,2.17101982217888e-09,7.683854974269371e-10
1,9.212892331655637e-13,0.9992933486316413,0.0006929101313709124,1.3738745449527726e-05,1.712504403423223e-09,7.781124937158721e-10
1,2.3014809211444304e-13,0.9983064121040731,0.001645102212640197,4.848392871175565e-05,1.5585338291428685e-09,1.958111200512313e-10
1,1.5932037812530148e-12,0.9999933469507051,4.77232806363225e-06,1.8802914980676704e-06,3.37778510765086e-10,9.036149245014428e-11
1,9.733831798237987e-13,0.9990226824017913,0.0009565394298452662,2.0775227984889668e-05,2.17101982217888e-09,7.683854974269371e-10
1,1.4022110117065932e-12,0.9999933264084647,4.763071948309139e-06,1.9101160725529863e-06,3.200564961609447e-10,8.205548167878879e-11
1,2.5255352152438445e-15,0.9983445270385012,0.0016434220733113523,1.2050872097954588e-05,1.1014643308085829e-11,5.072327274730688e-12
1,2.497538856171619e-14,0.999902340885496,9.208572370867557e-05,5.57321505058744e-06,1.7200718174926814e-10,3.712703862460444e-12
1,1.0246905839317417e-13,0.9997142178559267,0.00028095254619789567,4.829224792647901e-06,3.470669985107244e-10,2.5913200076149562e-11
1,3.67336117718477e-14,0.9964357152998378,0.0035164492906718586,4.78352742554976e-05,1.0433836839623948e-10,3.085995531524748e-11
1,2.123818754146498e-14,0.9997461888800518,0.0002441265559039828,9.684361053693408e-06,1.7746251749064345e-10,2.550674181762487e-11
1,8.87750955166577e-11,0.9997547379681898,8.677048750719147e-05,0.00015814786766875808,3.4274388820842694e-07,8.439707405538326e-10
1,3.855599917618337e-13,0.9999955417630161,2.8598667221086626e-06,1.598166390108258e-06,1.7956975384965285e-10,2.3916534978839766e-11
