target,prediction_4.0,prediction_5.0,prediction_6.0,prediction_7.0,prediction_8.0,prediction_9.0
3,8.63821151449147e-05,0.0003045099442004404,3.44885362995427e-08,0.5180439810587063,0.4779671013196955,0.0035979910737164856
5,1.35456457513204e-13,4.256302561434699e-09,3.6727459737794223e-16,3.800032619716736e-05,0.0014011505481920554,0.9985608448691724
2,0.15717552671872217,0.1056547718074561,0.460238703646112,0.10841242594938971,0.11878850094992627,0.04973007092839377
3,0.0015029093974083538,0.6994462770403974,0.0028287374637110184,0.2881146384695121,0.0075860657798669595,0.0005213718491041034
1,0.0011284198436057285,0.7555806969834081,0.07870986588632904,0.16445714621800328,0.000114351587507789,9.51948114583823e-06
2,0.0007309959303611112,0.08899557669006904,0.9071967771412451,0.0030482045244782977,1.627692745303686e-05,1.216878639351262e-05
4,0.000307178477987672,0.003217533068223875,5.8517912254127035e-06,0.3315905665563951,0.5366256686267,0.1282532014794679
2,7.165951607507906e-06,0.0028684782421336433,0.9971196127937338,4.548867450321514e-06,8.567494070017378e-08,1.084701338490741e-07
4,6.186146674119714e-10,2.718766304519064e-08,9.920006231494379e-18,0.0015428854728122764,0.9962930710799908,0.0021640156409191273
5,8.36649845571082e-25,2.5593333120693354e-17,1.810639542818396e-25,7.152675539748193e-19,0.00011563515382173447,0.9998843648461783
1,0.00017783274102079968,0.919603008797531,0.0634484483945036,0.016678065975377448,7.561166996234506e-05,1.7032421604593534e-05
2,1.075702739204454e-05,0.0034317735557406258,0.9965505200951769,6.630650427787219e-06,1.4320031445223098e-07,1.7547094805028514e-07
4,3.152851932206782e-12,3.631165043692703e-05,5.3045646733239245e-20,0.0011564225274846478,0.9948819339428918,0.003925331876033872
4,2.152646240645622e-12,3.5107949559069957e-10,7.157488098989979e-22,0.000255432733900194,0.998758660642057,0.000985906270810757
3,0.0015029093974083538,0.6994462770403974,0.0028287374637110184,0.2881146384695121,0.0075860657798669595,0.0005213718491041034
3,1.1663728326927828e-06,0.00020259755815904042,4.294306558114365e-09,0.0014646752445406014,0.7861858405308867,0.21214571599927456
4,1.1481414404607788e-07,1.4402068851145617e-06,4.408003803779513e-14,0.00917433822973658,0.9875381241659172,0.0032859825832728864
5,2.3552464244180228e-24,4.50984636926935e-19,6.845516417936452e-30,1.9927990795552526e-13,0.0006531890075516513,0.999346810992249
4,4.2045446105416897e-16,1.018436847421271e-09,1.475971971612756e-25,7.974337655701807e-05,0.9995183578577685,0.0004018977472370916
3,4.894088380539523e-11,0.0002508635675725394,2.139700440313578e-19,0.9984549648609684,0.001294165232293275,6.290224808834347e-09
4,5.512408514437965e-09,1.4577710508174602e-07,3.9189638282248523e-16,0.003097486328088744,0.9939940639723633,0.0029082984100340047
3,0.04473929282422133,0.2684030742220286,0.1427514386140296,0.4539495409976839,0.07478199091416214,0.015374662427874436
2,0.00032199432471851345,0.8686250359477853,0.003355484167672028,0.12593491792288175,0.0016941252671910149,6.844236975143853e-05
2,0.003736771072477703,0.12302416080188228,0.8707900988873972,0.002106269589079264,0.00022855701197103004,0.00011414263719271865
3,1.6205946055193048e-09,0.003936660573379868,9.835294221907131e-14,0.9953031311900504,0.000760133976463454,7.263941317227137e-08
2,3.576896400920051e-07,0.004368908420437752,0.9956291456436273,1.5797553773596378e-06,4.612494684113e-09,3.8784228305959095e-09
2,7.88057710678405e-08,0.005273544780205796,0.9947261969020377,1.7904289472582326e-07,7.905638925951578e-11,3.900343288324926e-10
1,0.09408704872164675,0.13656360085246722,0.6112949975537985,0.09152511602133367,0.04623187923580636,0.02029735761494766
0,0.33126286541629757,0.14152840978247042,0.3267351616133207,0.07509538950901552,0.08354665331938024,0.04183152035951554
4,2.798214288063471e-05,0.0005342605079585398,7.447652504611513e-08,0.310562793454015,0.5865092559974713,0.10236563342114947
2,6.600878967747141e-06,0.0008847921520866703,0.9985238604965028,7.52176786479521e-06,2.754098740137191e-06,0.000574470605837735
2,0.00770259273611781,0.3903406916655942,0.5844943390709584,0.015649718987192595,0.0014045552634963212,0.0004081022766404907
2,8.706302156050071e-06,0.003125917330722494,0.9968596808272179,5.449351721019836e-06,1.095929542871255e-07,1.3659522828656357e-07
5,4.505430554175526e-23,3.0345636705278864e-18,8.759842866806822e-26,3.4587894938731207e-14,4.2266390120253666e-05,0.9999577336098452
5,1.4100659501241673e-23,1.83155377052934e-18,3.6189112862820754e-29,6.963051570471402e-13,0.0011335674280905988,0.9988664325712132
1,0.00021445073109341924,0.9251200568540373,0.053867488273423435,0.020669160782882945,0.00010653505385334817,2.230830470937182e-05
2,0.0044455065942231,0.16161714325161763,0.8268286482424103,0.0062620009237616715,0.0005799778469575067,0.00026672314102973613
4,6.134248481229616e-07,0.010865667195596907,2.974732358185974e-12,0.901445534545808,0.08762034431399977,6.784051677230723e-05
2,0.029448003739321684,0.13273632962028642,0.7892755384100182,0.0392430038014521,0.006126093856854175,0.003171030572067304
5,3.59307972665982e-27,2.997304754695002e-15,6.438585078796086e-30,8.047505808975e-21,2.9331384830666585e-05,0.9999706686151664
4,4.143619382222706e-13,5.3929646763457285e-08,9.606434126110694e-21,0.00041991434600495924,0.9979271158389099,0.001652915885024075
4,1.5149241688977602e-13,1.1337481369520148e-05,2.93568453425633e-22,0.0006607522536852243,0.9973323404580051,0.0019955698067885995
2,7.165953901811644e-06,0.0028684786475548125,0.9971196123845916,4.548868801349026e-06,8.567497538632938e-08,1.0847017497002421e-07
4,2.036969393081449e-12,1.4650738057509856e-07,4.361958770560177e-20,0.0013762376949356262,0.9975357244161572,0.0010878913794895168
5,9.646360282480842e-31,1.641031613697697e-20,1.6046445874681487e-34,1.7779654268895595e-20,0.0005887904948060675,0.9994112095051939
2,0.04362153047531179,0.13457283066869166,0.7857390160874396,0.03111241546652794,0.0033458297418395896,0.0016083775601892585
3,5.6172475668257085e-05,0.00032459112785376983,2.069627002008066e-08,0.5125204093967781,0.4804222752530831,0.006676531050346544
3,4.1769514341559e-08,0.0006488457319247674,4.0857420870907397e-13,0.9967536702617004,0.0025972865005891056,1.5573586276033255e-07
4,1.702158045185564e-06,0.003190833860536338,4.4806869706335687e-10,0.17320226489169818,0.8143664564868122,0.009238742154839457
4,8.22338332536114e-08,3.272037974530897e-06,2.7261313023669917e-10,0.05850996904860229,0.8516836626222373,0.08980301378473955
2,1.5795348988563625e-07,0.036733722879962696,0.9632641335638271,1.983884818086793e-06,4.865693994521817e-10,1.2313327846208833e-09
4,1.203263581239829e-14,6.955119699310908e-09,3.698504785128574e-23,0.0001618794119282452,0.9989601665741021,0.0008779470588377028
3,1.9951351807278955e-06,0.06268587480862456,1.2102847494681528e-09,0.9303593555956681,0.0069459792572722,6.793992969569798e-06
2,2.443631000486759e-06,0.00045801123008394585,0.9988263158691363,2.761893800997509e-06,1.497996609087124e-06,0.0007089693793691349
4,1.5671583342925613e-15,1.9986637763741907e-06,1.0120023400327582e-25,0.00032259633092024176,0.9990312567141612,0.0006441482911406421
4,1.757445431620246e-09,9.061215934294077e-08,3.068841788393449e-15,0.0006025950129197376,0.953794920861159,0.04560239175631348
4,3.7804578104428997e-06,4.561652781225163e-05,7.76065427682324e-09,0.18683894728846773,0.7822410652160309,0.030870582749224412
4,3.525594422341189e-05,0.0006465905462744025,1.2325101752429003e-07,0.3035103055831721,0.5814889911590948,0.11431873351621778
4,2.8175609872438087e-07,5.728338293213168e-06,5.726577542120349e-11,0.18396295759615702,0.8042334694066094,0.011797562845575872
5,3.1890248252457185e-17,4.139070790708438e-13,2.4321518972456296e-13,4.894375629931473e-09,0.00013016226882547584,0.9998698328361416
4,6.025799045690497e-10,7.865322888968033e-08,1.5567101674768376e-13,0.03337551575919624,0.919712662984898,0.04691174199994143
5,3.549802744037581e-31,1.8945374360342947e-15,4.529184850836807e-39,3.5193940621808287e-19,0.0028969625728008544,0.9971030374271972
2,6.3716449130537365e-06,0.022719828290180266,0.9772400714713556,3.339111346886544e-05,2.139892137767858e-07,1.234908682353068e-07
2,0.013829915548629126,0.15623449049977575,0.8169914172761296,0.009809861647607727,0.002170059119899183,0.0009642559079584732
5,4.337035522742097e-26,2.9813519819000023e-18,1.3057740213463139e-26,5.514762969956775e-20,5.524308426994964e-05,0.9999447569157301
3,8.070196100734388e-10,0.00011468528342225648,3.911103618635921e-19,0.973624987799472,0.02625988360475252,4.4250533354215526e-07
2,3.0407060154240152e-06,0.0005533369636029112,0.9988808814912097,3.5588451070278504e-06,1.5343058871418155e-06,0.0005576476881774793
3,5.177676295354624e-07,0.0006809417985373941,3.2670909848805744e-12,0.9748153897582384,0.02449963273371604,3.5179386113572076e-06
4,1.1471211712792404e-12,9.59430860049313e-08,5.618399664671244e-20,0.0004861212401835315,0.9972823919298154,0.0022313908857679006
3,4.1769514341559e-08,0.0006488457319247674,4.0857420870907397e-13,0.9967536702617004,0.0025972865005891056,1.5573586276033255e-07
3,2.0618719688144415e-10,8.833268472576472e-05,2.2078876285130874e-17,0.9964755895222642,0.0034360238133904464,5.377343224900194e-08
3,7.266392596283664e-05,0.0139124123593842,6.24174706398432e-07,0.9026559317107689,0.08242169215165328,0.0009366756775244021
2,0.035306643893923365,0.12216102546878299,0.8222532695055366,0.013192011571886793,0.004411117288290632,0.0026759322715795364
2,1.2388458411701799e-05,0.0022924558480895726,0.9962757948827571,9.20063643762225e-05,2.9627104083787168e-05,0.0012977273422816714
4,4.9923323957364326e-14,7.119521073528943e-06,6.009418085895247e-23,0.0004108472187673805,0.9976144750379139,0.001967558222195291
4,2.152646240645622e-12,3.5107949559069957e-10,7.157488098989979e-22,0.000255432733900194,0.998758660642057,0.000985906270810757
2,0.0006002110797487905,0.08678822557383548,0.9099342474774341,0.0026563580524917875,1.1893723208290817e-05,9.064093281659013e-06
3,1.2384638318998481e-09,0.0031197898806013245,5.114872789372627e-14,0.9961064435698265,0.000773701988630786,6.332242637858368e-08
4,2.406374030519478e-13,3.7220061513135036e-08,8.340264081418356e-21,0.00021000729858183993,0.9973029766588418,0.002486978822274127
5,6.519365402166819e-17,7.569010851127184e-13,6.070024655667514e-13,6.196449897300105e-09,0.0001337089527760901,0.9998662848494102
5,2.7748753803443436e-18,4.587690730782965e-14,3.333096052772467e-14,9.088763703911028e-10,6.297967547307974e-05,0.9999370194155713
3,0.00010205683495898228,0.054039303762442654,4.191972973121638e-07,0.9060378212652088,0.0395542258368578,0.000266173103234423
5,1.792661380086718e-13,5.096810006359463e-09,2.8461098193150105e-16,6.478769306554067e-05,0.002161563229592749,0.9977736439803522
4,1.613426014643626e-13,4.7033707763103906e-11,7.570185180775666e-24,0.00011880978026554524,0.9992819431082037,0.0005992470643358197
3,1.2384638318998481e-09,0.0031197898806013245,5.114872789372627e-14,0.9961064435698265,0.000773701988630786,6.332242637858368e-08
4,6.776234624762583e-13,6.921702939537612e-08,3.2405604849706975e-20,0.0003411885862795708,0.997186881556678,0.0024718606393355504
4,3.152851932206782e-12,3.631165043692703e-05,5.3045646733239245e-20,0.0011564225274846478,0.9948819339428918,0.003925331876033872
2,7.111378080652746e-06,0.024999680159568542,0.9749540415045305,3.87734154453953e-05,2.5199433201184937e-07,1.4154804289242244e-07
2,7.111378080652746e-06,0.024999680159568542,0.9749540415045305,3.87734154453953e-05,2.5199433201184937e-07,1.4154804289242244e-07
5,1.0086702372008212e-17,1.4282049179460877e-13,1.189500401397854e-13,1.8643840226800435e-09,8.167356927868784e-05,0.9999183245660754
2,0.12578013326359136,0.1136216318615432,0.45032257830941347,0.11132506614977629,0.13851294776195394,0.06043764265372177
2,8.706302156050071e-06,0.003125917330722494,0.9968596808272179,5.449351721019836e-06,1.095929542871255e-07,1.3659522828656357e-07
4,4.9923323957364326e-14,7.119521073528943e-06,6.009418085895247e-23,0.0004108472187673805,0.9976144750379139,0.001967558222195291
4,1.5237936956540969e-12,2.849351654996081e-10,6.898854724392753e-22,0.00019272596715530868,0.9983975547125618,0.0014097190338239868
4,7.590173365590222e-18,8.337718275405787e-11,2.6125218162599705e-27,4.73285139769441e-06,0.9990104205470293,0.0009848465181959397
3,1.780067823339136e-11,0.0001492480442951465,2.58846920789036e-20,0.9987605559371965,0.0010901927868622603,3.2138454924164026e-09
4,8.450318161735573e-05,0.001011701545846006,3.6659084541620536e-07,0.3463853734557153,0.5729938248037384,0.07952423042223752
2,6.58400187799663e-07,0.0009556033891677629,0.9990156502421348,5.340690818951937e-08,2.470594817147626e-07,2.7787502119793132e-05
2,0.0035521242393451447,0.11279214903828896,0.881561235521387,0.0018079951332000967,0.0001923779428199804,9.411812495873194e-05
5,2.9616961890926515e-19,9.794520699615803e-15,5.064531711882849e-18,2.660486715181921e-08,0.0013877634466947174,0.9986122099484284
4,6.776234624762583e-13,6.921702939537612e-08,3.2405604849706975e-20,0.0003411885862795708,0.997186881556678,0.0024718606393355504
2,0.15717552671872217,0.1056547718074561,0.460238703646112,0.10841242594938971,0.11878850094992627,0.04973007092839377
5,7.532344804672772e-19,2.0238875705200245e-14,7.872452738916643e-18,5.350527215523653e-08,0.0020713000138711762,0.9979286464808363
3,1.6202980050236913e-05,7.779396594274732e-05,1.2308472831612221e-09,0.5271779797034001,0.47105167109792506,0.001676351021834519
3,0.00011739447958105383,0.9430307754911175,0.007389598005107631,0.04923267242687413,0.0002082000536246469,2.135954369508011e-05
3,2.4621117019381814e-06,0.08416170497392676,2.3851805006162067e-08,0.911735215482803,0.004090540293970938,1.0053285792277715e-05
4,4.728623720576691e-06,0.00014250811019129376,2.455910199794994e-09,0.3231011892962113,0.6103064095467076,0.06644516196725915
2,0.000668399499685278,0.08798765739529221,0.9084556076916908,0.0028635750311946638,1.4115294300759367e-05,1.064508783646943e-05
5,9.646360282480842e-31,1.641031613697697e-20,1.6046445874681487e-34,1.7779654268895595e-20,0.0005887904948060675,0.9994112095051939
4,1.5149241688977602e-13,1.1337481369520148e-05,2.93568453425633e-22,0.0006607522536852243,0.9973323404580051,0.0019955698067885995
2,0.05658427706397213,0.3417150593415469,0.1696090516005949,0.28699780525647045,0.11904056924910494,0.026053237488310628
2,1.2388458411701799e-05,0.0022924558480895726,0.9962757948827571,9.20063643762225e-05,2.9627104083787168e-05,0.0012977273422816714
3,2.265676034851717e-08,0.0003114933893987877,5.5051774076238376e-14,0.9955578343040311,0.004130494963416119,1.546863385006988e-07
5,7.459184494462135e-26,2.780127121775411e-20,1.0823828594128966e-30,8.194348652731876e-15,0.00010718180398594603,0.9998928181960058
2,1.7728947639655566e-05,0.004278139367736488,0.9956930052427911,1.053999710388976e-05,2.693754861801409e-07,3.1706924264493165e-07
2,0.003773654568516167,0.13771764107603315,0.8555093961873683,0.0025365447935722226,0.00029396664582838854,0.00016879672868159494
4,1.3827109461347661e-07,4.422908581942847e-06,2.3652333317252703e-10,0.08334499156780736,0.8616954510703135,0.05495499594567909
3,9.276704144055047e-10,0.002433287688405448,2.540226563622829e-14,0.9967790180109666,0.0007876387675405064,5.460539172477576e-08
2,2.539799773095344e-06,0.012266686245902155,0.9876975515113384,3.322158430344437e-05,4.471605770845831e-10,4.1152232548876583e-10
4,3.152851932206782e-12,3.631165043692703e-05,5.3045646733239245e-20,0.0011564225274846478,0.9948819339428918,0.003925331876033872
2,3.576896400920051e-07,0.004368908420437752,0.9956291456436273,1.5797553773596378e-06,4.612494684113e-09,3.8784228305959095e-09
2,0.15717552671872217,0.1056547718074561,0.460238703646112,0.10841242594938971,0.11878850094992627,0.04973007092839377
3,6.493468687040702e-12,6.524056465991516e-05,1.6635303156977253e-21,0.9988216461452605,0.0011131114226530375,1.8609331601017646e-09
4,1.5671583342925613e-15,1.9986637763741907e-06,1.0120023400327582e-25,0.00032259633092024176,0.9990312567141612,0.0006441482911406421
4,1.5149241688977602e-13,1.1337481369520148e-05,2.93568453425633e-22,0.0006607522536852243,0.9973323404580051,0.0019955698067885995
5,7.532344804672772e-19,2.0238875705200245e-14,7.872452738916643e-18,5.350527215523653e-08,0.0020713000138711762,0.9979286464808363
3,1.8702157343876472e-05,0.08231567871729607,0.9175891567242852,7.587564290871409e-05,2.3617474054383448e-07,3.5058342570750755e-07
5,3.8858250631704873e-08,1.2927295819574154e-05,1.96432863095561e-11,0.07280503620983936,0.3591188424434323,0.5680631551730149
3,5.077060108816856e-05,0.009536712261513147,2.786239211728588e-07,0.902840768459894,0.0867075263702835,0.0008639436833001113
2,0.000668399499685278,0.08798765739529221,0.9084556076916908,0.0028635750311946638,1.4115294300759367e-05,1.064508783646943e-05
4,1.3072591226526818e-08,2.87568322417482e-07,1.9617245440332985e-15,0.0038779992392541118,0.9924451725372323,0.0036765275825980134
2,0.06107780081604567,0.19771357965522657,0.6266791812249826,0.06551729470666927,0.03516577477951701,0.013846368817558883
4,6.019113805858199e-14,1.1368697040173924e-05,3.415374468111095e-24,0.006600404256111622,0.9931984567354346,0.00018977031135341714
3,2.043939481782082e-09,0.00038658110200643085,1.3502898124952391e-14,0.9992877720672337,0.0003256388908223456,5.895984615007085e-09
5,2.4013235622234864e-11,3.160660840121365e-08,3.281478681642681e-11,2.2405991371907033e-09,0.012128839182131741,0.9878711269138327
4,2.036969393081449e-12,1.4650738057509856e-07,4.361958770560177e-20,0.0013762376949356262,0.9975357244161572,0.0010878913794895168
2,1.724874024655607e-05,0.002816383103733487,0.9957786674046104,0.00012002648712852786,3.496164028824799e-05,0.0012327126239928315
4,6.025799045690497e-10,7.865322888968033e-08,1.5567101674768376e-13,0.03337551575919624,0.919712662984898,0.04691174199994143
4,1.0834098467486453e-08,1.6604572365790056e-06,5.032842902600949e-10,0.022322605653785462,0.6226996258880046,0.35497609666359053
4,8.22338332536114e-08,3.272037974530897e-06,2.7261313023669917e-10,0.05850996904860229,0.8516836626222373,0.08980301378473955
3,4.855061579828362e-11,0.0002947555325443574,2.95939652791886e-19,0.9985386847124521,0.001166553847957429,5.858495353679974e-09
4,1.1589044278994771e-07,3.112361208701721e-06,2.500690878174703e-11,0.14513451542480482,0.8398147988567958,0.015047457441740983
2,7.165951607507906e-06,0.0028684782421336433,0.9971196127937338,4.548867450321514e-06,8.567494070017378e-08,1.084701338490741e-07
4,3.4919436184607374e-17,2.115459950895111e-10,1.5684688399950402e-26,1.1356993629210384e-05,0.9991467452283092,0.0008418975665155972
3,7.214055083108132e-11,0.0002317782366541957,2.710198148543183e-19,0.9981259848365546,0.0016422277632319388,9.091418980056457e-09
5,1.35456457513204e-13,4.256302561434699e-09,3.6727459737794223e-16,3.800032619716736e-05,0.0014011505481920554,0.9985608448691724
0,0.11637725132092688,0.14863629060335526,0.31515819666486483,0.1740691975500947,0.1811557854481428,0.06460327841261564
3,3.3143739010131393e-11,0.00011702042062666763,2.9727338750403165e-20,0.9981667542441081,0.0017162192287267135,6.0733948052445444e-09
5,1.792661380086718e-13,5.096810006359463e-09,2.8461098193150105e-16,6.478769306554067e-05,0.002161563229592749,0.9977736439803522
4,7.729914534574579e-14,8.986706213154916e-06,7.555091326447003e-23,0.0006964754648151391,0.9978206636669207,0.0014738741619735724
3,1.1024418841401002e-06,0.01954697731837424,6.550367350552029e-07,0.9802380960187201,0.00021167328228809077,1.4959019983617978e-06
5,1.0149125265612921e-18,2.4960501354199698e-14,1.41629563527409e-17,4.930622234211925e-08,0.0018563142407592536,0.9981436364529935
4,2.1596441724064093e-05,0.0004902236425114884,6.256029969971462e-08,0.28563899535289633,0.5836963433381963,0.13015277866437208
4,5.554140099229851e-05,0.0007422004689178654,1.6500021579256666e-07,0.3488679950592588,0.5780815748947851,0.07225252317583024
4,2.036969393081449e-12,1.4650738057509856e-07,4.361958770560177e-20,0.0013762376949356262,0.9975357244161572,0.0010878913794895168
4,1.5237936956540969e-12,2.849351654996081e-10,6.898854724392753e-22,0.00019272596715530868,0.9983975547125618,0.0014097190338239868
2,8.745096399408558e-06,0.0031320575594947506,0.9968534779442885,5.471872757049193e-06,1.1021083949784075e-07,1.373162208865721e-07
3,2.8254566545480825e-05,0.00012242714284724013,3.7242514087279866e-09,0.5242446369222193,0.4734438207021699,0.0021608569419666493
4,1.7400280528129822e-05,0.00038134198098329806,2.363921099299607e-08,0.35560797374169806,0.5789039769723449,0.06508928338523476
2,5.973949754282299e-05,0.005318407555404538,0.9944457143647282,8.911580331122677e-05,4.603585945961937e-06,8.24191930670681e-05
2,0.00021816233796666148,0.13749823764078878,0.8588753887565446,0.003406984982455764,8.839904827650784e-07,3.4229176153743903e-07
5,2.726459708422229e-23,3.0834072281034592e-18,6.201294273294192e-29,1.1520544992101896e-12,0.0014464606832494847,0.9985535393155984
3,1.6202980050236913e-05,7.779396594274732e-05,1.2308472831612221e-09,0.5271779797034001,0.47105167109792506,0.001676351021834519
2,8.706302156050071e-06,0.003125917330722494,0.9968596808272179,5.449351721019836e-06,1.095929542871255e-07,1.3659522828656357e-07
3,1.1024418841401002e-06,0.01954697731837424,6.550367350552029e-07,0.9802380960187201,0.00021167328228809077,1.4959019983617978e-06
3,9.804597223479298e-10,0.002024162432544226,1.963658597401901e-14,0.9970554738086563,0.0009203014951518839,6.128316838374944e-08
4,0.00047280995794490166,0.007924806524678746,5.7173342431168195e-06,0.04159254494902643,0.8173015457918359,0.13270257544227082
5,1.3580119217037752e-13,4.245925666936006e-09,1.801332520007179e-16,6.37386036487224e-05,0.0021651664523848232,0.9977710906979048
4,6.776234624762583e-13,6.921702939537612e-08,3.2405604849706975e-20,0.0003411885862795708,0.997186881556678,0.0024718606393355504
2,2.7208723226128337e-06,0.012488733160010219,0.9874736645463188,3.488046398202268e-05,4.996244083527434e-10,4.577421055883358e-10
4,0.001134004495472939,0.00408013400975145,1.2590431012057553e-05,0.4507807175198891,0.5115208306582018,0.032471722885672676
4,1.3072591226526818e-08,2.87568322417482e-07,1.9617245440332985e-15,0.0038779992392541118,0.9924451725372323,0.0036765275825980134
3,3.0041739778080543e-05,0.00012870579524323336,4.208035141450959e-09,0.5239160161728651,0.4737030228481253,0.002222209235953093
2,1.7728947639655566e-05,0.004278139367736488,0.9956930052427911,1.053999710388976e-05,2.693754861801409e-07,3.1706924264493165e-07
2,0.12578013326359136,0.1136216318615432,0.45032257830941347,0.11132506614977629,0.13851294776195394,0.06043764265372177
4,3.152851932206782e-12,3.631165043692703e-05,5.3045646733239245e-20,0.0011564225274846478,0.9948819339428918,0.003925331876033872
3,5.953457671830309e-10,0.00014953839537597448,1.4989264919735274e-16,0.99565216077553,0.004198193151727213,1.070820208515063e-07
5,7.459184494462135e-26,2.780127121775411e-20,1.0823828594128966e-30,8.194348652731876e-15,0.00010718180398594603,0.9998928181960058
5,5.944078052035382e-30,6.912604435038128e-20,5.4375781070404025e-34,1.242726242892922e-19,0.0011650575426214828,0.9988349424573785
4,2.1596441724064093e-05,0.0004902236425114884,6.256029969971462e-08,0.28563899535289633,0.5836963433381963,0.13015277866437208
5,3.3314774049857192e-12,3.443469832828536e-08,5.279329135169406e-15,0.0003012253568804361,0.0066968820267804055,0.993001858178304
5,1.6974326663768098e-31,1.1182192641409802e-15,2.6595312695973004e-39,1.544456230653898e-19,0.0021685085851288716,0.99783149141487
2,0.00011825027191418,0.08925246085402995,0.9090499738671347,0.0015788844497977188,2.946406054275946e-07,1.359165180460122e-07
4,7.273399234862553e-16,1.3378669764369576e-06,6.379532153008442e-26,0.0001344148662663749,0.9988406749459818,0.0010235723207744594
4,2.1596441724064093e-05,0.0004902236425114884,6.256029969971462e-08,0.28563899535289633,0.5836963433381963,0.13015277866437208
2,3.0407060154240152e-06,0.0005533369636029112,0.9988808814912097,3.5588451070278504e-06,1.5343058871418155e-06,0.0005576476881774793
5,5.501799357272225e-13,1.884180588215864e-09,1.1006264916933372e-09,1.9289031513949426e-06,0.0016253424815801019,0.9983727256299112
3,9.301670479619092e-06,0.07115677476558209,2.3284355120604095e-05,0.9284676870719235,0.00033740583581352146,5.546301080629239e-06
5,4.408393857293371e-26,1.3278742333907767e-14,8.033669101907717e-29,6.581518872228869e-20,5.2309035594646524e-05,0.9999476909643922
5,3.3496871489746195e-18,1.4205926317243067e-12,1.9810233018627272e-19,2.5632122311869176e-13,0.004067734466344845,0.9959322655319783
2,0.0034240451192208473,0.12297774120003625,0.8712861129557038,0.0019834386477187898,0.00021371452075697082,0.0001149475565633033
2,3.3702581578365673e-06,0.0005392655221937718,0.9986279570516979,3.679645633199721e-06,2.064506723360117e-06,0.0008236630155937487
4,3.0186400660322796e-13,1.1335375788092762e-10,1.0215182190566727e-21,4.293014480857137e-05,0.9886116546606877,0.011345415080848197
4,0.011407344634733951,0.010509771554002787,4.374260231508663e-05,0.20496124209805608,0.7432206849615035,0.02985721414938872
3,2.628447726498656e-10,6.147602335318853e-05,1.440779359940683e-17,0.9929035999431886,0.007034805346169669,1.1842444390531745e-07
4,1.5237936956540969e-12,2.849351654996081e-10,6.898854724392753e-22,0.00019272596715530868,0.9983975547125618,0.0014097190338239868
3,8.608488326219763e-07,0.015183102241198353,3.6796321664318127e-07,0.9845905557658865,0.00022371938607590144,1.3937947898678235e-06
3,0.0033274990744654818,0.1746518607055565,0.0009967002239687677,0.7137443301876009,0.1019506010055179,0.0053290088028905246
3,3.3143739010131393e-11,0.00011702042062666763,2.9727338750403165e-20,0.9981667542441081,0.0017162192287267135,6.0733948052445444e-09
1,0.0001431836774274799,0.8283746279640899,0.023837727035671174,0.14763136908215846,1.2509258812454995e-05,5.829818405941425e-07
3,1.5737658678177363e-09,0.00031829850699811017,1.373326672046392e-15,0.9954934585227292,0.004188059543655393,1.8185285018413707e-07
2,0.15717552671872217,0.1056547718074561,0.460238703646112,0.10841242594938971,0.11878850094992627,0.04973007092839377
3,9.09505833314346e-09,0.005907064183726282,3.1677091588750954e-14,0.9917700395573827,0.0023227205211330502,1.666426678570009e-07
0,0.30410009923660014,0.11067014055385209,0.30146482360034765,0.09314505470858024,0.13634737877513015,0.05427250312548974
4,4.8986225615723e-12,6.832761816906832e-10,3.967360191184379e-21,0.0002991940925129204,0.9982906510539951,0.001410154165317242
3,5.357608685335432e-05,0.00032254235754481764,2.0253457399572073e-08,0.5074818760509282,0.484975178304503,0.007166806946713231
3,0.002839855468422753,0.0511223567821998,0.0006951405860995632,0.8619821069646016,0.0792234066526179,0.004137133546058356
4,1.6028618075453587e-09,4.614987941792443e-08,7.090957226472803e-18,0.0038448665718564283,0.9955732059715323,0.000581879703869986
2,0.12578013326359136,0.1136216318615432,0.45032257830941347,0.11132506614977629,0.13851294776195394,0.06043764265372177
3,0.0005374315572127482,0.036508128180228076,3.0255077212975794e-05,0.767481231506945,0.18404182518874695,0.01140112848965439
2,7.88057710678405e-08,0.005273544780205796,0.9947261969020377,1.7904289472582326e-07,7.905638925951578e-11,3.900343288324926e-10
2,4.653114547096844e-09,0.0017751871788598726,0.998224796901346,1.1252747163782114e-08,1.5237671821306958e-12,1.2408758937268587e-11
5,2.973093276839856e-15,8.00488771235924e-11,1.7934554644829768e-15,9.95290064061967e-05,0.06101164826941185,0.9388888226441283
4,0.0001016749695523436,0.0006510564694868699,1.1670790731972844e-07,0.46617974966671566,0.5170869723672407,0.01598042981909722
2,1.5603912094207758e-05,0.0025860493635240793,0.9958992279722203,0.00011021025822339478,3.501226933092135e-05,0.0013538962246069839
4,0.0007017575490119301,0.08594238628415436,9.491726456991206e-07,0.7310701105590534,0.1797005005956636,0.0025842958394712546
5,3.62730927260044e-29,2.028322668817703e-19,6.036355715695641e-33,2.8122891559603886e-19,0.001150762116607442,0.9988492378833926
5,2.3732986362251387e-23,1.8294028784159985e-18,5.1592338217054296e-26,2.1268207413422384e-14,3.344731325553299e-05,0.9999665526867232
4,0.001134004495472939,0.00408013400975145,1.2590431012057553e-05,0.4507807175198891,0.5115208306582018,0.032471722885672676
3,0.0015851116642375718,0.2768172226014181,0.009118755164809339,0.7061022905665718,0.005892727672191692,0.00048389233077148364
5,1.4625576977781587e-13,4.447898267885638e-09,1.374379285718303e-16,8.497961511576883e-05,0.002746830722101897,0.9971681852147377
5,1.0149125265612921e-18,2.4960501354199698e-14,1.41629563527409e-17,4.930622234211925e-08,0.0018563142407592536,0.9981436364529935
3,2.0587047020112125e-09,0.0060575306577503206,2.573372860460141e-13,0.9933014839142751,0.0006409079520559747,7.541695672269864e-08
2,0.12578013326359136,0.1136216318615432,0.45032257830941347,0.11132506614977629,0.13851294776195394,0.06043764265372177
4,6.845179271111166e-14,1.20466939409603e-05,3.965235323497802e-24,0.007183217129888602,0.9926196097806164,0.0001851263954855969
4,8.612578019402078e-05,0.0009486087838372081,3.055313990499195e-07,0.36467423036046726,0.5704173833478291,0.06387334619627333
2,2.544133850444725e-07,0.01302253059001139,0.9869763153423646,8.973803544105735e-07,5.095905464016509e-10,1.764294021506462e-09
5,4.337035522742097e-26,2.9813519819000023e-18,1.3057740213463139e-26,5.514762969956775e-20,5.524308426994964e-05,0.9999447569157301
2,0.00647862516289551,0.33521312231610517,0.646443481514364,0.010653177910708425,0.000922125492921744,0.00028946760300529046
4,1.5671583342925613e-15,1.9986637763741907e-06,1.0120023400327582e-25,0.00032259633092024176,0.9990312567141612,0.0006441482911406421
2,5.357674409327062e-07,0.006881611363429793,0.9931171270572315,7.21191003314094e-07,9.089895355621363e-10,3.711904706028169e-09
3,5.357608685335432e-05,0.00032254235754481764,2.0253457399572073e-08,0.5074818760509282,0.484975178304503,0.007166806946713231
5,4.047319876188089e-26,3.297081975902367e-18,7.38527973477782e-27,8.3627320012024e-20,7.2909385104587e-05,0.9999270906148955
2,1.552417031495078e-06,0.005367482336641612,0.9946269363816468,3.984304876459528e-06,2.3689140426994384e-08,2.0870663479738025e-08
3,1.6205946055193048e-09,0.003936660573379868,9.835294221907131e-14,0.9953031311900504,0.000760133976463454,7.263941317227137e-08
3,5.6172475668257085e-05,0.00032459112785376983,2.069627002008066e-08,0.5125204093967781,0.4804222752530831,0.006676531050346544
5,1.6410908979213203e-18,3.6262970451565543e-14,1.7819985733648126e-17,7.052242569873178e-08,0.002278065233695688,0.9977218642438422
4,0.0014855129435995852,0.005068108671912297,2.1941455675506844e-05,0.4458202846532445,0.511292216151871,0.03631193612369701
5,1.967509709043524e-12,4.4645879386110463e-10,3.831563104492974e-13,2.631283473871058e-08,0.0026012712075420977,0.9973987020308137
2,0.0073750351527485936,0.37294400128332006,0.6040233261939124,0.014032228801155759,0.0012525540595986217,0.00037285450926451564
2,3.0407060154240152e-06,0.0005533369636029112,0.9988808814912097,3.5588451070278504e-06,1.5343058871418155e-06,0.0005576476881774793
5,4.2314374471728606e-27,5.877811925999805e-14,8.7448245917198e-33,6.8145683245908e-18,0.0014415315860983999,0.9985584684138428
3,3.3143739010131393e-11,0.00011702042062666763,2.9727338750403165e-20,0.9981667542441081,0.0017162192287267135,6.0733948052445444e-09
3,0.0033274990744654818,0.1746518607055565,0.0009967002239687677,0.7137443301876009,0.1019506010055179,0.0053290088028905246
5,6.129010757059664e-13,6.622683150271726e-10,1.1359085235611383e-13,0.00015393761046423275,0.12046728079201627,0.8793787809345247
4,0.00011252241083443474,0.0012244070110265877,5.966617702331067e-07,0.34951317908510454,0.5690769214306577,0.08007237340060659
4,4.2745975445926206e-07,9.254780504599612e-06,4.449432302518345e-10,0.13031531164389756,0.8376838760864507,0.031991129584449406
5,9.262614425010055e-28,2.083325514122993e-14,2.6054819711322827e-33,1.3977903899991908e-18,0.0008470469009047581,0.9991529530990745
4,2.777087168550662e-07,7.348761337067675e-06,5.609939702602814e-10,0.09562883036236146,0.8511420210805578,0.053221521526032864
4,0.0001663785837047452,0.0008552341008794768,2.3658057885965604e-07,0.4828592041486641,0.5023149767990228,0.013803969787150004
5,1.5033168833123626e-23,1.935628117505325e-18,3.5281677370226453e-29,7.642105641505097e-13,0.0012107578871127205,0.9987892421121232
4,1.5237936956540969e-12,2.849351654996081e-10,6.898854724392753e-22,0.00019272596715530868,0.9983975547125618,0.0014097190338239868
4,4.9923323957364326e-14,7.119521073528943e-06,6.009418085895247e-23,0.0004108472187673805,0.9976144750379139,0.001967558222195291
5,5.144494562318827e-24,5.588806879797488e-19,1.0254685754108335e-26,8.149177037009952e-15,2.3187571271127835e-05,0.9999768124287207
3,5.105336086238307e-05,0.00019832799634162483,1.2098084844059586e-08,0.5210235323035092,0.47589643467172554,0.002830639569476567
3,9.276704144055047e-10,0.002433287688405448,2.540226563622829e-14,0.9967790180109666,0.0007876387675405064,5.460539172477576e-08
2,8.485178957178771e-07,0.0078442220475528,0.9921538422003535,1.0790966259030251e-06,1.688589066717655e-09,6.448983083868091e-09
2,0.04811298843641413,0.39721358432800624,0.17635682902150454,0.2682323194011136,0.09099922338329389,0.019085055429667572
2,3.3702581578365673e-06,0.0005392655221937718,0.9986279570516979,3.679645633199721e-06,2.064506723360117e-06,0.0008236630155937487
5,3.59307972665982e-27,2.997304754695002e-15,6.438585078796086e-30,8.047505808975e-21,2.9331384830666585e-05,0.9999706686151664
4,1.0724985213786478e-07,3.822020538106454e-06,2.5448857085665896e-10,0.0701871925332392,0.859512979331233,0.07029589861064886
0,0.15717552671872217,0.1056547718074561,0.460238703646112,0.10841242594938971,0.11878850094992627,0.04973007092839377
0,0.15717552671872217,0.1056547718074561,0.460238703646112,0.10841242594938971,0.11878850094992627,0.04973007092839377
0,0.33126286541629757,0.14152840978247042,0.3267351616133207,0.07509538950901552,0.08354665331938024,0.04183152035951554
0,0.11637725132092688,0.14863629060335526,0.31515819666486483,0.1740691975500947,0.1811557854481428,0.06460327841261564
0,0.30410009923660014,0.11067014055385209,0.30146482360034765,0.09314505470858024,0.13634737877513015,0.05427250312548974
0,0.15717552671872217,0.1056547718074561,0.460238703646112,0.10841242594938971,0.11878850094992627,0.04973007092839377
0,0.30410009923660014,0.11067014055385209,0.30146482360034765,0.09314505470858024,0.13634737877513015,0.05427250312548974
0,0.11637725132092688,0.14863629060335526,0.31515819666486483,0.1740691975500947,0.1811557854481428,0.06460327841261564
0,0.30410009923660014,0.11067014055385209,0.30146482360034765,0.09314505470858024,0.13634737877513015,0.05427250312548974
0,0.30410009923660014,0.11067014055385209,0.30146482360034765,0.09314505470858024,0.13634737877513015,0.05427250312548974
0,0.1026568054730601,0.1552776728508966,0.4959328230252951,0.10907417504432577,0.09770851490222217,0.03935000870420018
0,0.1026568054730601,0.1552776728508966,0.4959328230252951,0.10907417504432577,0.09770851490222217,0.03935000870420018
0,0.30410009923660014,0.11067014055385209,0.30146482360034765,0.09314505470858024,0.13634737877513015,0.05427250312548974
0,0.1026568054730601,0.1552776728508966,0.4959328230252951,0.10907417504432577,0.09770851490222217,0.03935000870420018
0,0.1026568054730601,0.1552776728508966,0.4959328230252951,0.10907417504432577,0.09770851490222217,0.03935000870420018
0,0.15717552671872217,0.1056547718074561,0.460238703646112,0.10841242594938971,0.11878850094992627,0.04973007092839377
0,0.15717552671872217,0.1056547718074561,0.460238703646112,0.10841242594938971,0.11878850094992627,0.04973007092839377
1,0.0008398997650352242,0.7464144699314553,0.036879556995572285,0.21572585654208867,0.0001320135089960565,8.203256852441203e-06
1,5.7257286910314365e-05,0.9553818268532779,0.017718849173027018,0.02671677568631562,0.00011882208329374676,6.46891717556847e-06
1,0.0011284198436057285,0.7555806969834081,0.07870986588632904,0.16445714621800328,0.000114351587507789,9.51948114583823e-06
1,0.0003574763750352036,0.81002665547774,0.05353300064144663,0.1360542523243847,2.6833116958609846e-05,1.7820644348288726e-06
1,0.0008398997650352242,0.7464144699314553,0.036879556995572285,0.21572585654208867,0.0001320135089960565,8.203256852441203e-06
1,0.008116920056354901,0.7559327932044714,0.11120374253981692,0.11516464501055786,0.008405405287336586,0.001176493901462349
1,0.0011284198436057285,0.7555806969834081,0.07870986588632904,0.16445714621800328,0.000114351587507789,9.51948114583823e-06
1,0.008099832661872412,0.7536555818866064,0.1276844708912253,0.10211734840250536,0.0073659365828037185,0.001076829574986706
1,0.0005457267938311595,0.5968359229174169,0.3406376979507416,0.06191058667553303,5.5110878541375295e-05,1.4954783936065319e-05
1,1.741710565915315e-05,0.9703474618119606,0.02071780379198319,0.00890529659571678,1.0313720586653485e-05,1.706974093379833e-06
1,0.00017783274102079968,0.919603008797531,0.0634484483945036,0.016678065975377448,7.561166996234506e-05,1.7032421604593534e-05
1,0.09408704872164675,0.13656360085246722,0.6112949975537985,0.09152511602133367,0.04623187923580636,0.02029735761494766
1,0.0001431836774274799,0.8283746279640899,0.023837727035671174,0.14763136908215846,1.2509258812454995e-05,5.829818405941425e-07
1,0.08703440446870676,0.5052485593810013,0.12864163169524387,0.20244200101692444,0.06249507574837974,0.014138327689743761
1,0.006329563847706001,0.774476291646211,0.1367101634146303,0.07719313095425628,0.00461286921562474,0.0006779809215718051
